def get_lists() :
    cluster = '{{-3,0,1,0},{21,8,-13,0},{8,2,-4,-1},{8,2,-4,1},{77,24,-43,0},{44,18,-28,-3},{204,66,-116,-3},{204,66,-116,3},{7,0,-1,0},{91,8,-27,0},{18,2,-6,-1},{18,2,-6,1},{247,24,-77,0},{214,18,-62,-3},{694,66,-214,-3},{694,66,-214,3}}'
    cocluster = '{{1,0,0,-1},{1,0,0,1},{9,4,-6,1},{12,2,-5,0},{14,6,-9,-2},{27,12,-18,-1},{36,10,-19,0},{38,14,-23,-2},{49,4,-14,1},{74,6,-21,-2},{78,26,-45,-2},{78,26,-45,2},{96,10,-31,0},{134,42,-75,-2},{134,42,-75,2},{147,12,-42,-1},{147,48,-84,-1},{147,48,-84,1},{158,14,-47,-2},{278,26,-85,-2},{278,26,-85,2},{434,42,-135,-2},{434,42,-135,2},{507,48,-156,-1},{507,48,-156,1}}'
    print cluster.replace('{', '[').replace('}', ']')
    print cocluster.replace('{', '[').replace('}', ']')

def perm_lists() :
    cluster = [[-3,0,1,0],[21,8,-13,0],[8,2,-4,-1],[8,2,-4,1],[77,24,-43,0],[44,18,-28,-3],[204,66,-116,-3],[204,66,-116,3],[7,0,-1,0],[91,8,-27,0],[18,2,-6,-1],[18,2,-6,1],[247,24,-77,0],[214,18,-62,-3],[694,66,-214,-3],[694,66,-214,3]]
    cocluster = [[1,0,0,-1],[1,0,0,1],[9,4,-6,1],[12,2,-5,0],[14,6,-9,-2],[27,12,-18,-1],[36,10,-19,0],[38,14,-23,-2],[49,4,-14,1],[74,6,-21,-2],[78,26,-45,-2],[78,26,-45,2],[96,10,-31,0],[134,42,-75,-2],[134,42,-75,2],[147,12,-42,-1],[147,48,-84,-1],[147,48,-84,1],[158,14,-47,-2],[278,26,-85,-2],[278,26,-85,2],[434,42,-135,-2],[434,42,-135,2],[507,48,-156,-1],[507,48,-156,1]]

    new_c = []
    for v in cluster :
        new_c.append( [v[1], v[2], v[3], v[0]] )

    new_coc = []
    for v in cocluster :
        new_coc.append( [v[1], v[2], v[3], v[0]] )

    print new_c
    print ''
    print new_coc

def Louis_lists() :
    cluster = '[[0, 1, 0, -3], [8, -13, 0, 21], [2, -4, -1, 8], [2, -4, 1, 8], [24, -43, 0, 77], [18, -28, -3, 44], [66, -116, -3, 204], [66, -116, 3, 204], [0, -1, 0, 7], [8, -27, 0, 91], [2, -6, -1, 18], [2, -6, 1, 18], [24, -77, 0, 247], [18, -62, -3, 214], [66, -214, -3, 694], [66, -214, 3, 694]]'
    cocluster = '[[0, 0, -1, 1], [0, 0, 1, 1], [4, -6, 1, 9], [2, -5, 0, 12], [6, -9, -2, 14], [12, -18, -1, 27], [10, -19, 0, 36], [14, -23, -2, 38], [4, -14, 1, 49], [6, -21, -2, 74], [26, -45, -2, 78], [26, -45, 2, 78], [10, -31, 0, 96], [42, -75, -2, 134], [42, -75, 2, 134], [12, -42, -1, 147], [48, -84, -1, 147], [48, -84, 1, 147], [14, -47, -2, 158], [26, -85, -2, 278], [26, -85, 2, 278], [42, -135, -2, 434], [42, -135, 2, 434], [48, -156, -1, 507], [48, -156, 1, 507]]'
    print cluster.replace('[', '{').replace(']', '}')
    print ''
    print cocluster.replace('[', '{').replace(']', '}')

if __name__ == '__main__' :
    Louis_lists()
